18
4
30
21
7
39
11
42
12
31
1
44
22
5
10
48
14
40
36
2
37
9
24
28
35
8
43
3
13
17
4
6
23
7
11
12
15
16
72
38
10
59
5
41
14
18
19
21
24
9
25
8
20
28
43
53
13
31
17
22
33
23
49
26
27
15
29
34
30
35
38
42
51
21
32
48
25
37
36
40
41
28
39
56
44
43
45
46
47
52
108
49
53
60
79
57
65
77
58
73
80
61
138
64
82
67
71
83
94
87
88
91
140
96
101
109
144
115
118
119
121
125
206
167
128
131
132
146
227
138
190
154
170
175
178
344
200
340
205
210
230
233
236
237
469
246
253
403
378
259
263
270
373
380
316
385
463
345
448
383
405
410
415
435
696
466
639
553
644
795
650
523
579
522
529
533
798
790
661
699
1261
1429
750
853
933
840
825
1306
1051
1162
988
1075
1045
1701
1374
1052
2690
1062
1055
1382
1232
1360
2381
1449
1524
1575
2159
3221
1665
1758
1885
1813
2666
4886
2437
2063
2405
2107
3992
8107
2630
2287
4488
3047
5428
2935
2809
3478
3512
3099
3333
3423
3550
4250
4737
3698
4724
4350
6432
4170
6146
4394
4916
4917
5096
5439
5856
7031
5744
5908
6649
7593
7269
6522
6756
6883
6973
7248
8894
8092
9833
8520
9914
8564
9086
13770
9310
13729
10013
10535
18577
19473
12775
11652
12881
15650
14004
19099
21252
32248
13856
14221
15340
16612
16656
17084
23869
21339
17650
19621
19323
29431
20548
21665
22187
42735
28077
25656
33740
26737
27860
29196
33696
29561
35979
30940
36277
31952
48024
38843
41286
36973
37271
45277
56298
57521
49742
60501
43852
53516
59352
54597
57608
55933
57056
57421
65838
80682
78557
72952
62892
68229
70795
124162
116960
74244
80825
93569
111653
145039
93594
97368
98449
99785
108113
134490
114664
123259
112989
193354
208233
141449
241234
131121
139024
183784
142473
151620
155069
247137
167813
242603
187163
238809
331492
190962
195817
207898
278328
222777
227653
359853
316613
244110
270145
379273
272570
417352
273594
290644
338853
418594
354976
363630
665731
524511
378125
398860
638181
386779
570235
602050
430675
603963
542715
752164
660373
514255
1235966
543739
672454
546164
817333
564238
629497
693829
718606
794305
741755
764904
776985
785639
1216314
817454
901034
1338044
1118218
944930
1056970
1088879
1204112
1425277
1057994
1089903
1175661
1833609
1993299
2033809
1952646
1323326
1458733
1460361
1506659
1518740
1969016
2517331
1686673
2629389
1718488
1845964
2001900
2146873
2232631
4551140
2549240
2483271
2518355
2147897
3841681
3739290
3555957
2782059
3147034
2967020
2783687
3654556
2979101
3520640
4380528
5035686
3405161
3564452
4981001
3720388
3847864
10016687
5266958
7162587
4631168
5265330
5114917
6338016
4929956
5565746
5749079
5750707
5761160
8094018
5762788
8151808
7125549
6384262
6925801
6969613
7568252
14693801
8701389
9113194
8351556
11649592
9561124
9746085
9896498
10044873
10195286
13816306
18262513
10495702
12133341
19642583
12134969
11523948
12147050
14114344
13310063
18063954
13952514
13895414
23670998
15919808
24309630
26028755
19307209
18847258
20241787
19457622
25638292
33571966
23658917
24391116
36326467
23805765
22019650
23657289
25476462
29229871
25419362
37609803
27205477
27262577
57230883
45661149
29815222
42518256
34767066
43116539
47463054
38154467
38304880
39699409
41477272
45678567
45676939
45825415
62695996
53620987
47439012
72921533
49076651
55234584
54649233
69780833
54468054
61972543
108855571
64582288
83815616
73071946
74466475
76244338
91355506
77853876
87155839
78004289
108521411
102088245
116316983
131478922
93264427
96515663
101907066
109411555
203995311
103544705
109117287
127721179
144247308
116440597
151076235
137654234
175171122
147538421
149316284
154098214
154248627
155858165
165009715
200060368
171268716
189780090
195171493
212661992
252860989
225852152
198422729
300392519
212956260
219985302
225557884
236838466
244161776
254094831
263979018
296854705
285192655
305174449
301787048
303414498
392696631
310106792
320867880
377671707
361048806
546720032
432647294
393594222
411084721
687778499
703701014
411378989
432941562
438514144
489536902
462396350
481000242
498256607
1136642576
549171673
582047360
662835854
605201546
622654928
664463304
507622668